Расчёт локально в питоне:
mean = 152.75505277800508
var = 57681.753840844365

Расчёт mapreduce-ом
mean = 152.75505277800508
var = 57825.60552965324